0 834 4457
1 470 3592
2 460 4523 4543 507 3163
3 462 1312 2214
4 1851 4290 1295 2506 4578
5 4524
6 3980 3163 933 1404
7 2536 3395 2141 3613 2214
8 2335 3464
9 3213 3773 4341 2214
10 3694 2214 3773 4090 3112
11 944
12 4152 1515 3613 2214
13 462 1974 3320 4782 3053
14 54 4346 3869 3952
15 3645 3803 2470
16 4457
17 1263 5242 4523 3112
18 312 2329
19 196 942 5139 1974
20 88 2214 5151
21 2361 5205 4960 3458 2214
22 462 4551 3013 2214
23 614 438 4551
24 1887 1485
25 614 1974 117 117
26 3255 4171 3164
27 153 4255 2669 460
28 1479 4848 4902 2214
29 3980 3507 5242
30 1078
31 127 460 4523
32 445 2187 4950 4340
33 66 2506 4527 4045
34 184 4479 4493 3112 2506
35 1190 454 5153 5271
36 2263 2214
37 344 3395 942 3583
38 2139 3659
39 2305 4346 4960 2214
40 2114 1728
41 465 460 4493 4523 3112
42 2554 406 2454 1295 3395
43 2482 2214 4346 4960 1054 3659
44 3921 4890 5334 2214
45 4767 1468 3112 5141 229 229
46 2259 2329 1866
47 477 1091 374 4990 3990
48 2971 1468 5116 4506
49 2974
50 247 117
51 462 2329 3659
52 3094 5242 3395 942
53 440 4231 3659
54 1944 2214 4346
55 475 4340 4950 4263 17 4346
56 156 4045 5153 4493
57 462 1974 4951 1248
58 462 2214 3613 1552 4506
59 2902 3253 5242 460 3251
60 4761 4902 4263 3869
61 386 5151 4057
62 3637 1295 3111 4948
63 2150 4493 5130 4732 4493
64 1809 4506 460
65 439 4193 3613 5130
66 2507 4172 3178 3112
67 2335 4506 4255 460
68 439 2214
69 4419 1544 5242
70 1165 5242
71 4753 5242 4255 2965
72 563 2214 2214 3613
73 1414 2454 2329 4378
74 2653 4527 1544
75 476 4263 4263 5205
76 2150 4493 3369
77 944 155
78 156 4045 406
79 947 3659 4523 2506
80 770 4671 4951
81 2125 4902 4263 5205 4632
82 1948
83 867 3013 4792 4792
84 882 2506 3112 3112
85 2146 2337 117
86 3802 1728 460
87 2949
88 724 5317 1367
89 98 5102 608 1531
90 2007 5315 5079
91 479 3112 5102 5242
92 2363 3613 2214 3395 2214
93 462 446 2245
94 894 2252 460
95 2146 543 3112 4702 3291
96 3714 4848 4902 3559
97 133 4378 4948
98 3060
99 480 5334
100 325 3613
101 4675
102 792 3989 4671 3251 3251
103 3147 4682 1915
104 1492 4696 4523 4702
105 4355
106 2130 4950 5130 5131
107 3694 3613
108 3800 3659 4523 4096
109 3806 507 460 3773 3996
110 1078 4682 4948 2214
111 2130 4632
112 2746 3888 4653 4506
113 2535 4770 3395 942 1675
114 944 4902 3559
115 1182 1915 2214
116 3039
117 339 4632
118 770 1794
119 1902 4902
120 407 4171 3163 4010
121 2090 4770 797 2066 3659
122 462
123 2251 3952 1891 5136 4950
124 2335 4731
125 855 460
126 951 4751 4098 3583 4255 2506
127 3155 1328 3599
128 285 5145
129 439 5271 3320 3773
130 1913 4551 2039
131 4165 2625 4090
132 3279
133 794 460 4527 3985
134 1908 1544 1404 4421 5141 2214
135 4290
136 784 4688
137 3980 2895 1891 4096
138 482 4594 4594 5253
139 4761 797 4902 4627
140 2719
141 1689 5126 5126 3112
142 3892 5315 5079 4527 1544
143 834 3369 4848 5271
144 127 4848 4171
145 2653 460 4523 1404
146 361 21
147 2403 460 3251
148 4423 1839 2066 2506
149 1868 466
150 3757 2387 3659 507
151 3261 5136 3369
152 2667 3952 821 4950 4340
153 3326 1001 4632 4263
154 1777 460 4493 1728 2214
155 717 1728 460 3251
156 2150 5086 3395 3773
157 5205 5205
158 4229
159 197 1404 1891 5102
160 3980
161 4128 1552 3952 1526 5273
162 2149 1295 2214
163 1557 1526 446 4848 1735
164 470 3990 2214 4256 2066 2066
165 2750 4346 5205 4632 4263
166 614 156 4782 3888
167 885 156 3253
168 1918 1666 1891 5102 5242
169 2319 3320 3613 4632
170 2667
171 3659
172 3005
173 3029 3112
174 2130
175 2961 3773 1552
176 787 3169 2518 5136 5136
177 2750 5153 4171
178 98 2506
179 2171 3630 4948 2214
180 3806 507 460 4523 4543
181 3703 406 613 3395
182 1064 4090 406 5205
183 2146 2337
184 1521 1728 460
185 462 1312 4782 3194
186 3980 3507 1891 5102 1404 2214
187 3689
188 2171 4171 3164
189 3980 2895 2214 3395 4627
190 770 3803 2214 3773
191 164
192 3630
193 560 4527
194 3126 1974 2625 4010
195 787 3169
196 300 5357
197 2532
198 2902 1701 4290
199 59 2214 4782 3888
200 2130 5205 5205 4346 5205 4632
201 2507 4770 3112 5102 3990
202 275 5145 4950 5205
203 361 4096 1891 4702
204 4354 3395 797 1728
205 563 2214 3773 3517
206 2604 2214 4346 4954
207 3255 1861 386 3251 236
208 4677 3438 2439 1675 2066
209 944
210 2931 5136 4493 1728
211 834 4594 3377
212 851 3395
213 3806 1526 1891
214 913 460 2214 3395 2506
215 2541 2518 5242 460 3869 3613
216 2746 3253 5242
217 2478 4527 1468 5116 4506
218 462
219 479 5162 460 4627
220 2693 4954 4263 4960 4090 2214
221 460 4627
222 475 4948 3613 3251
223 931 3395 236 3112
224 133 4378 5136
225 787 175 4951
226 580 4696 3112 5102
227 934 2214
228 1654 1823
229 1548 821 4696
230 3968 4090 3112
231 2667 5139
232 2597
233 3627
234 4355 2214 5151 4382
235 951 4948 4346 4960
236 157 216 164
237 4296 4578 2669 5315 298 5151
238 2189 1544
239 881 4890
240 2139 5315 4916
241 3060 5334 4792
242 1970 358
243 374 4990 3080
244 3119 1905 4493 3369
245 1485 462 3507 3251
246 2562 2329 1866 1927
247 4218 1735 4493 3369
248 2240 3613 4493 3613
249 3980 3163 3112 4688
250 462 460
251 951 2214 3613 4493
252 2931 460 3251
253 2146 5153 2214
254 1 3749 75
255 4119 317 1383 5131 1552
256 951 4340 2214 3773
257 3557 3175 4581 4950 4340
258 3934 1746 4430 1468
259 2702 1735
260 420 3178 1891
261 316 460 3869
262 2149 2506 3613 5242
263 2146 1866 4382 460
264 4396 5151 3990 2214
265 2146 5136 3369
266 1225 4010
267 2668 4098
268 3707 1531 3718
269 3211 2214 4256 3821
270 1445 3659 5242 4255
271 3301 1675
272 470 5102 608
273 271 4770 3395
274 316 2214 4782
275 2171 2329
276 4229
277 2634 2625 4010
278 2063 5130 1468 2214
279 2478 4950 3613
280 1421 5102 229 3659 3112
281 3039 4551 4057 2066 4627
282 2305 4632 4263
283 4095
284 2580 5130 1544
285 2114 1728 997 2582 2465
286 161
287 2581 2758 3112 4702
288 3094 5242 2214
289 151 3585 1891
290 1784 4506
291 937 460 4527
292 947 5242 3395 1515 3659 4137
293 2263 2506 2320 1891 3112
294 4525 1295 3175 4948
295 86 2214
296 2407 2459 2625 4010 2066
297 2738 4990
298 2731 460 1675 2066
299 86 2669 3773
300 3449 4527 4902 3251
301 2196 3112 4523 4096 2001
302 3804 1793 117 3112
303 3980 4624 1333
304 2617 3395 1515 4948
305 2168 3952 4137 4079
306 439 4193 4782 4171
307 2175 1490 3112 1891
308 260 4954 2214 3869
309 2099 3112 1891 5357
310 3890 5130 4732 1054
311 1701 3251 3659
312 544 5151 4057
313 3213 3613 4493
314 4486 5136 2214 2214
315 2667 5139 4782 2214
316 3234 2214
317 2175 1490 5102 5102 3990
318 466 3112 1404
319 4296 3507
320 3980 4624 5242 2214
321 1 1974 4951 1728
322 144 4950 4340 3251 3251
323 479 2187
324 1638 3112 5141
325 910 460
326 1090 3659 507 1468
327 2103 2965
328 198 5151 3659
329 3694 4948
330 2589 4951 1839 460 1728
331 2746 5242 2472 2214
332 759 17
333 3800 117 2214
334 1155 2214 4028 2439
335 2714 2470 5173 1544 3112
336 791 4627 1757 3395
337 407 317 2329 4172 1383
338 2535 942 5139
339 3044 4345 4770 797 2506
340 462 2214 3395 942 5139
341 300 1404 4430 1974
342 922 3749
343 439 3175 4950 5205
344 781 4172 2252 1295 3395 2141
345 4513 460 4527 3985
346 2263 2625 4010 406
347 3600 460
348 437 225 2214
349 1177 1295 2214 4028 3112
